plain message is: [2, 3, 2]
encoded message is: [[0, 2], [1, 0], [2, 2], [3, 1], [4, 4]]
corrupted message is: [[0, 2], [1, 0], [2, 3], [3, 1], [4, 4]]

e is 2

system is:


	[2, 0, 0, 6, 0, 0, 0, 0, 0]
	[0, 0, 0, 6, 6, 6, 6, 6, 0]
	[3, 6, 5, 6, 5, 3, 6, 5, 0]
	[1, 3, 2, 6, 4, 5, 1, 3, 0]
	[4, 2, 1, 6, 3, 5, 6, 3, 0]
	[0, 0, 1, 0, 0, 0, 0, 0, 1]

reduced system is:


	[1, 0, 0, 0, 0, 0, 1, 4, 0]
	[0, 1, 0, 0, 0, 0, 3, 3, 1]
	[0, 0, 1, 0, 0, 0, 0, 0, 1]
	[0, 0, 0, 1, 0, 0, 2, 1, 0]
	[0, 0, 0, 0, 1, 0, 2, 2, 5]
	[0, 0, 0, 0, 0, 1, 4, 5, 2]
solution is [2, 2, 1, 4, 1, 0, 1, 1]
Q is 4 + 1 t^1 + 0 t^2 + 1 t^3 + 1 t^4
E is 2 + 2 t^1 + 1 t^2

e is 1

system is:


	[2, 0, 6, 0, 0, 0, 0]
	[0, 0, 6, 6, 6, 6, 0]
	[3, 6, 6, 5, 3, 6, 0]
	[1, 3, 6, 4, 5, 1, 0]
	[4, 2, 6, 3, 5, 6, 0]
	[0, 1, 0, 0, 0, 0, 1]

reduced system is:


	[1, 0, 0, 0, 0, 0, 5]
	[0, 1, 0, 0, 0, 0, 1]
	[0, 0, 1, 0, 0, 0, 3]
	[0, 0, 0, 1, 0, 0, 3]
	[0, 0, 0, 0, 1, 0, 6]
	[0, 0, 0, 0, 0, 1, 2]
solution is [5, 1, 3, 3, 6, 2]
Q is 3 + 3 t^1 + 6 t^2 + 2 t^3
E is 5 + 1 t^1
P(x) = 2 + 3 t^1 + 2 t^2
r(x) = 0
